44
44
36
9
44
30
34
36
55
44
37
23
5
71
55
69
72
9
72
70
80
71
36
69
69
44
37
44
52
36
9
71
80
6
20
80
62
44
20
34
5
37
44
32
34
8
30
32
36
6
80
23
32
34
37
72
62
43
43
72
71
80
72
5
71
28
43
37
8
20
34
42
42
5
71
72
24
70
71
44
9
20
69
43
62
69
69
36
70
34
6
80
69
19
55
43
52
6
36
19
70
30
19
55
6
5
28
28
44
42
32
9
37
34
62
9
62
80
34
44
34
62
69
20
37
43
44
6
43
42
72
34
20
37
20
9
71
5
32
44
52
55
43
28
23
44
72
6
52
28
37
62
24
28
37
36
23
70
20
70
52
28
36
43
44
37
69
72
55
20
37
28
43
20
52
5
55
62
5
37
36
44
8
36
52
23
28
36
72
44
44
5
32
28
36
62
37
37
32
9
34
44
32
69
5
23
5
32
30
32
71
24
23
69
80
6
34
44
80
71
9
80
55
23
52
28
71
55
28
37
62
71
42
62
28
43
34
42
69
36
8
5
23
8
80
34
71
6
36
72
43
42
36
80
37
69
5
23
32
44
9
5
30
43
24
28
28
42
8
37
37
32
42
43
23
52
28
9
30
37
69
24
28
28
70
37
19
23
70
36
5
71
42
32
34
69
69
9
32
69
